102
43
84
54
36
47
71
31
47
72
22
56
70
17
28
110
81
42
35
21
45
31
34
47
90
97
82
77
32
51
36
27
26
50
35
43
47
97
104
71
38
35
16
18
61
103
55
40
68
112
22
41
41
18
75
46
41
80
36
41
49
58
36
37
20
41
42
62
41
29
72
76
30
27
53
35
52
37
51
37
35
28
81
23
56
111
63
74
42
44
20
45
48
37
58
32
88
45
93
37
43
48
30
28
92
24
129
36
30
34
36
40
56
37
44
47
58
97
69
39
78
80
38
52
33
82
39
37
70
43
87
58
39
42
39
47
57
94
85
43
40
19
18
85
38
62
87
79
61
25
46
49
58
24
31
32
92
17
18
67
105
98
55
51
38
38
49
26
81
104
104
46
37
41
41
28
27
28
66
82
27
49
41
37
18
81
96
37
49
21
35
107
33
35
40
85
21
54
40
74
26
39
116
90
40
110
100
71
69
28
50
39
67
24
31
20
26
93
41
40
31
29
21
52
72
48
82
92
96
32
20
70
29
86
60
118
38
40
35
25
35
40
37
31
58
35
36
42
31
50
33
49
66
35
59
37
99
31
38
12
73
73
31
40
86
86
29
33
80
75
47
21
128
49
59
30
47
27
59
34
41
44
105
52
34
49
55
112
44
40
35
81
96
53
49
33
108
44
110
44
83
39
38
35
106
54
46
26
66
20
77
79
78
35
89
58
14
62
28
59
40
58
35
132
41
18
23
54
37
45
44
81
49
74
95
93
32
64
41
40
55
30
102
27
23
20
54
78
44
56
43
81
51
21
24
63
37
85
94
39
87
35
52
51
25
54
106
20
53
28
38
46
29
45
30
24
100
33
97
34
28
76
37
32
32
29
43
76
19
56
35
40
61
55
29
74
36
94
35
118
29
52
48
32
27
101
38
68
51
18
68
49
33
35
33
38
45
88
24
48
39
42
39
56
96
47
109
72
44
19
49
45
44
32
46
42
27
34
138
46
60
31
36
34
33
38
69
26
33
76
66
34
53
31
44
50
94
108
35
19
57
62
66
30
85
55
44
51
35
51
32
101
22
47
28
20
42
47
91
50
56
29
72