156
51
138
70
72
94
107
42
66
121
37
103
127
26
37
175
104
99
57
35
58
86
38
67
109
185
149
142
41
65
47
45
37
114
43
49
55
159
152
132
52
54
32
22
83
161
106
47
85
168
32
50
40
21
123
72
51
142
43
53
115
71
45
48
24
57
54
82
47
33
146
136
95
36
131
42
64
45
115
51
42
53
152
28
125
171
132
172
55
71
28
58
83
53
136
44
154
109
153
47
46
56
104
43
136
42
167
81
84
55
42
65
53
61
54
54
102
134
145
47
127
77
38
102
47
145
41
50
111
49
134
65
50
59
53
67
128
146
145
86
40
27
22
159
44
119
150
147
113
42
47
89
106
32
54
38
148
27
23
126
161
158
65
61
46
54
93
34
151
127
158
50
66
57
56
33
33
37
127
166
108
97
61
44
28
143
142
43
119
24
78
135
39
45
48
150
80
87
50
129
33
158
184
151
47
174
161
155
137
52
67
92
108
42
40
28
38
156
46
39
43
32
26
113
119
73
148
155
158
41
27
126
53
135
78
169
54
87
47
37
36
39
45
80
72
72
42
56
32
56
47
59
102
51
94
48
166
37
38
19
125
132
37
50
148
134
36
40
147
156
50
26
134
53
107
35
61
36
128
41
50
58
167
78
38
66
109
167
64
43
73
148
137
67
137
39
157
56
163
58
145
43
100
47
169
76
46
37
119
23
131
152
134
44
151
126
17
121
33
135
57
76
40
104
49
21
28
89
45
73
91
137
154
143
159
157
42
142
45
38
78
39
178
38
43
33
119
126
90
104
48
136
101
31
45
77
52
84
166
59
150
43
131
53
34
109
141
25
61
53
45
57
31
49
31
32
163
50
162
41
97
177
39
38
46
36
94
129
21
87
73
62
69
85
41
170
100
102
54
171
45
67
53
45
38
132
44
117
63
28
110
89
38
48
74
54
107
154
34
74
94
59
39
69
153
55
134
133
53
43
59
52
54
38
49
61
41
65
208
82
81
34
46
44
65
44
141
93
50
77
63
45
68
40
75
94
145
207
44
27
118
103
84
35
150
62
57
60
62
51
45
171
29
59
38
30
85
115
142
91
60
34
141