184
51
161
67
93
117
124
47
77
157
44
130
142
27
40
199
115
164
76
47
60
126
36
76
113
214
183
160
50
78
49
67
40
155
42
47
62
169
160
152
61
68
55
19
94
170
132
44
91
222
41
54
40
28
148
88
50
162
40
60
162
72
49
50
25
57
54
87
47
29
181
155
147
37
190
39
65
47
168
57
44
81
169
28
170
194
161
218
59
83
34
73
110
74
179
55
166
145
174
55
42
68
175
54
158
66
174
123
129
77
42
79
52
82
68
55
131
149
186
47
143
71
36
128
55
168
40
50
141
47
168
63
58
67
50
73
162
153
172
113
38
30
18
180
44
147
175
177
148
67
44
125
126
41
84
34
200
33
44
142
180
171
75
69
45
69
120
41
182
130
175
52
98
60
57
31
55
40
152
196
182
129
87
41
33
174
163
44
160
21
109
134
37
45
49
166
178
105
54
149
37
224
212
164
61
192
225
193
185
79
77
131
140
65
48
33
51
167
45
34
49
27
29
153
131
99
166
180
178
39
33
148
66
156
82
197
59
121
51
44
39
49
45
119
72
98
40
71
35
67
52
61
141
64
109
46
180
34
40
37
151
153
34
49
165
144
47
37
193
194
54
25
145
53
130
31
61
47
157
39
45
63
186
84
45
69
143
219
67
39
110
178
171
80
200
40
177
67
174
60
163
48
148
49
198
95
48
46
156
20
145
172
148
52
169
167
18
151
32
181
69
99
39
76
47
19
29
114
46
92
124
152
228
179
181
181
46
178
59
41
92
42
202
44
67
41
152
146
116
133
47
152
132
35
75
83
58
91
183
74
175
45
197
54
39
136
142
22
70
83
43
60
27
47
30
36
183
77
182
38
176
225
48
37
58
39
122
148
18
113
109
88
77
111
45
219
147
100
66
199
58
73
50
59
50
132
43
138
74
31
162
111
37
47
106
53
151
181
39
92
133
64
39
71
164
65
133
154
67
64
60
64
53
35
58
62
59
98
226
103
99
30
44
52
81
40
171
145
71
75
57
52
71
41
103
118
155
229
42
30
166
120
87
35
165
64
61
61
73
49
47
181
31
61
42
38
112
153
155
116
62
31
164